1000
0.047784204488420905
0.05631154532735941
0.04228994054227205
0.0545262818402632
0.07180932635291665
0.07541158939051221
0.07488281032795782
0.04654187381488361
0.06516583273062149
0.05254377916442966
0.05608791244731456
0.04742347505515706
0.07831067839062203
0.06983001342444757
0.06555759295219203
0.04262866430269154
0.05028792696175917
0.06115389911221496
0.0743827680070224
0.04227551715427531
0.07060303016536906
0.0746073579228344
0.07279517035685133
0.05510519347578942
0.05701114402654692
0.06585279493001776
0.04785161098983606
0.06456186732134432
0.07603711177371889
0.05137666730308667
0.07168744662040316
0.07176662063267247
0.05589630102917106
0.050024334538535914
0.07940294851055457
0.050200963695629805
0.04558705116098128
0.051870160092404305
0.05537287192593777
0.06820473480932747
0.05927704265976579
0.07539086533787517
0.06774606487352644
0.07793215503406084
0.0717074643873652
0.047074233766970675
0.05312852267233991
0.06319892441076141
0.05819042175068416
0.04200928742708799
0.0569198687177958
0.06369226487323568
0.061876585573296464
0.07966816310848276
0.05949977919474414
0.049304902541467056
0.041321642571292644
0.056003938268814155
0.044437462265125294
0.06589303864998575
0.0629816828288803
0.07115274093481547
0.07212384490330703
0.07254742575300885
0.05611920698228535
0.06144254756509712
0.0507026810247835
0.04050571008307117
0.04170300542940502
0.06507510484621556
0.04590337642833834
0.06512328401103633
0.042236727561383025
0.04276150933853237
0.06235486378287822
0.054858955454100695
0.05605251718453827
0.0577560140430107
0.06118644742117531
0.04502077665212036
0.05745764811943596
0.07414671478563717
0.07219808245465978
0.059056472984319056
0.04322367050183185
0.05792580882936979
0.05360911828105139
0.0664619518346962
0.046259124691936646
0.06227620749973592
0.04837110980699269
0.043920438958030904
0.058908455528584244
0.06667531834921658
0.06325685025257427
0.07507385256671487
0.07117131427949568
0.07883090254408823
0.0754143471788391
0.06436709775686034
0.053237995263954084
0.07912795423522712
0.05080102096488008
0.07169500658115144
0.05708833127682067
0.06917962173383355
0.0798899815642788
0.05712072821689532
0.0785029171510717
0.059239251246664806
0.05826678015510203
0.0787234308581321
0.06868710306852083
0.05364469584619967
0.04321161296137242
0.07167223661838162
0.07380976280232233
0.04913009287500707
0.06208851128989365
0.05291238061424747
0.0711103945660436
0.0677543822432472
0.054339606152208245
0.06338863272710739
0.06182968752719671
0.06435988567532609
0.07610913693357535
0.05852010968351211
0.05407024061464616
0.057888352500898646
0.04499841228778748
0.047679632342608635
0.042795687176001615
0.07654591762016869
0.07217951956955296
0.06471988254135105
0.049528036673199105
0.07872249107794423
0.060072116529251
0.06412764068617419
0.0409046138035925
0.07473516274378189
0.05601421807531859
0.06117648492851674
0.06310753831863063
0.06887926230098187
0.04583445562898636
0.049487359189710894
0.04828022988537301
0.04693477720819546
0.04595982920594089
0.07569549985038443
0.06939702981257467
0.05118989891793546
0.06866955961695546
0.048461281641353125
0.061653540237981586
0.05320753326377699
0.07233219067763227
0.04785157415283402
0.0712968899302901
0.05397464833646017
0.04693966594613014
0.041157305857600204
0.0569166653840015
0.05173844666658391
0.04497866835176592
0.04250194870865403
0.07356882870045899
0.05974734142278462
0.04865605519598106
0.07613473786472508
0.07670649700323083
0.06927884968756909
0.06672180619709295
0.057091487846488626
0.07074302593814034
0.05775052504369342
0.05760945996616276
0.04794491386516807
0.05617439116322143
0.07737414471236198
0.06034055765623039
0.046655466453125294
0.07953944074913885
0.046727412796387015
0.04061620052968863
0.06807270654084642
0.06209814205778604
0.0657815117263309
0.0667453773921938
0.040426355447539024
0.05595951603353086
0.04433690017531735
0.07853628308250778
0.0681851621287421
0.07049249760862406
0.05448379902120708
0.06200340545209003
0.0739508661436531
0.06720455878951298
0.04961789951480576
0.053719733530286994
0.044593509488724654
0.05787445101609128
0.07570585760297763
0.07086999629967722
0.07062349747848772
0.05857701875519936
0.07490923350596099
0.07653739162245068
0.04283480577838841
0.0713395782569378
0.04733956681674436
0.04448285306611374
0.05654283440370467
0.04552093397058085
0.053631359017981314
0.04365243748021218
0.07127945429241925
0.07260565233678404
0.06918380362162899
0.05987500307932572
0.06259685304012463
0.05095778576482794
0.04033614005480236
0.05068888575946209
0.06267085878324724
0.04117979684457818
0.043405599157119404
0.048962872935152585
0.07768347880706294
0.07807400701522349
0.0494309520079876
0.07195330191187713
0.05250344713829127
0.07180542243180399
0.050628740696379015
0.07466571079360576
0.06697264865571216
0.058716412110927166
0.04898334289135731
0.049865993964531424
0.07314533439299324
0.05134520071705494
0.04305606232989051
0.06181261028909809
0.0791161268966725
0.04755177786471997
0.07601251851906839
0.0667579274268398
0.0726118534845996
0.07025632132490615
0.06603167621646827
0.06049337330716631
0.07631132485678897
0.06214683933558232
0.04967388416717508
0.04168960571825574
0.05689622819623609
0.05381428447353802
0.06944940115605612
0.04950948181177503
0.05112537653760522
0.05912494202420604
0.06874291236259203
0.044948186077295234
0.0647636098416994
0.06824148167457654
0.0604136245261135
0.05758140733305101
0.04398571186791937
0.06655560754975996
0.06980457261774507
0.05287905337775328
0.07391475720690643
0.04689680593274517
0.07855886059449464
0.069968522637095
0.04524339313379715
0.062733259336404
0.05255457815169343
0.05570813045535769
0.06742558398063372
0.05168255265146699
0.04543425108539
0.07815786117504354
0.05571544753585382
0.04150135677519791
0.04861869644286768
0.04101114766875023
0.05936884335572152
0.07482485114189547
0.06935925163972527
0.040277975421983206
0.06961245817890493
0.07427818766815536
0.060296382528509336
0.06548614940397005
0.04852418625232721
0.07618388406721087
0.07715676584181788
0.04989413761672678
0.0737576568746103
0.06894057725485547
0.04563497146514351
0.0776854587562134
0.07908285122149677
0.04125014455442709
0.05416996657938446
0.06084114444386682
0.04700377122744446
0.0557217526015035
0.0762406933355188
0.044363377800021184
0.07725323231540532
0.054982969530082734
0.06396906372649007
0.04574996469876795
0.07375387504705984
0.04027961558645804
0.04423275109064791
0.06309585153620265
0.06267357553195507
0.0766476195756636
0.06915425225409166
0.07592448641051824
0.055492494855398686
0.07409168144153264
0.06474671298947704
0.07382835593932296
0.06353805518647626
0.07080713342831778
0.06466111793718297
0.0602246134903603
0.0742332176573181
0.0423329226720447
0.05039347870028131
0.07200826531417634
0.07434247575182472
0.07962522831677994
0.04497472075610185
0.050611955565624034
0.07178905482924713
0.07939277561294249
0.06408005264689702
0.055957934053098464
0.04515586154648101
0.07163647336399655
0.05665862511438036
0.07201437209354092
0.07877180759266303
0.05218755749061006
0.06659839290260815
0.07114475306893456
0.06132416282462079
0.05214000873648466
0.07760512289871882
0.04416560458019511
0.07722668982097558
0.041424540220821954
0.045388568320728295
0.044004433578887205
0.042512350482528015
0.05037304462645
0.07441289317149041
0.053076266045618645
0.07080844977230483
0.040973938647213555
0.04088248594620765
0.0679737579504579
0.05999113538590096
0.048620396951466416
0.07929836150868105
0.07979242245435546
0.06640524977499618
0.06550505796062303
0.07683443659649075
0.05438905535110089
0.061074568141145584
0.0484163066727408
0.05794698817053327
0.06409802541773514
0.04111655052475324
0.06654284757285793
0.05104470307258423
0.07090665055547705
0.07961476634206541
0.07899479455037088
0.06971076152884394
0.07081743774171546
0.05849124382104804
0.0671011195962872
0.052882486935187434
0.06010153560529945
0.06146002302887971
0.043144805687200506
0.07155812325597535
0.05637431082851118
0.06793229679296613
0.0550486771166494
0.06401440218114712
0.040900511185541756
0.04378254070877056
0.06562638048049545
0.047182588288484796
0.06326305818807719
0.0511741410113334
0.06536459878757205
0.04874478251636907
0.06550605605467508
0.07718204735709916
0.059304119148043
0.07267630544194124
0.04008917900126886
0.06973907639181645
0.051438938941284304
0.050374057414981924
0.05446716334607719
0.049471538450468894
0.07415417495778216
0.06017481125902174
0.054834673308538515
0.0572789164313089
0.07557508050529815
0.07998144693914164
0.04255340237630287
0.0600514035369383
0.04430104064535885
0.05087922326547944
0.07900480902447848
0.05070815213287627
0.07885000856221361
0.07403821471404104
0.05808845461212582
0.043778172751887605
0.07824035808231797
0.05886212551409857
0.05031249099474343
0.04403485311494482
0.0604887343918427
0.04725774780797587
0.06839937080913508
0.07323415281170143
0.04740402432200027
0.07706339408134509
0.05155646636764178
0.058795588326401596
0.06690913395850562
0.05708869486540473
0.07403779529158744
0.05830417984714436
0.07822382855620436
0.06688221748299045
0.05334964123285637
0.07500058873759308
0.04059344707397131
0.0462574243883204
0.044429426738040595
0.05196576129080086
0.042849871353986234
0.04277155341492947
0.07835373058063225
0.07649542101784462
0.06894268361552566
0.0797660509051469
0.07760793491840148
0.061198846399408466
0.07368002306739868
0.05324128244791133
0.054676518620054196
0.07464541394099779
0.06327019465254505
0.06275227035887766
0.05668961377377389
0.07192146394883142
0.0568566683051944
0.06967629859228833
0.0760879601524253
0.06424908477389196
0.06809064919861746
0.07561727301727142
0.04574499952345985
0.046857505723546064
0.06988697875615721
0.044375793487199465
0.07671137828267398
0.07558682437661154
0.05086067295247274
0.07282796063368324
0.07772371243480337
0.06524287377478263
0.058542979442502176
0.04921998217692082
0.057846016880960374
0.056511084395123146
0.07232739779139105
0.061799741823788744
0.0770887744840658
0.06327626798303217
0.058197646214660184
0.05637051858612589
0.05457718072566805
0.048484315440357466
0.06764117092977072
0.04826613328084817
0.06981664634483692
0.04422084411801558
0.07475328675288945
0.05241085312713653
0.07983023455495025
0.05047091840982358
0.07838867399664065
0.04454143632442051
0.04341923742228726
0.0770630085010105
0.07031845808621398
0.06733278502125598
0.053524688295575454
0.05458943430197556
0.06570270064677503
0.04708272027947603
0.06964414160848559
0.052634582144842
0.06878967378820083
0.06977544954831225
0.05448464059031137
0.0674312564351145
0.044604851601869284
0.059757384266979796
0.07250934025813492
0.05610460375468854
0.04649413806484575
0.049923002641269955
0.042761811766893656
0.06095207760604726
0.049737375172832506
0.04922252502859291
0.07432863429867091
0.06474700476303205
0.043049770920937855
0.06146724274201554
0.05002742793900599
0.04684235878249407
0.0526404351074433
0.04882237491598331
0.04238404429186701
0.04989041773527671
0.05759876847470739
0.04404142667273272
0.04568920436964142
0.07828303931504672
0.040731029344076186
0.07741005584680959
0.06890143171821679
0.05195635698180667
0.06557094383166423
0.057531526889553736
0.05638967279994776
0.07299275410302081
0.0781398143956322
0.06949990411914962
0.06698560086484012
0.04749203897149472
0.06113310719056865
0.04967117823022969
0.04654210951660065
0.04147281078058142
0.058562103349840716
0.06315660324376408
0.05517111521667412
0.07710406797138719
0.040480730294419266
0.04832656658890048
0.07756030856278368
0.07435615987295452
0.07027926151367465
0.06202738892468656
0.0732450886257654
0.07319926493838999
0.05112814585277253
0.07987751031191644
0.07343845418361014
0.052766629168519964
0.06350676798606905
0.07792357139415731
0.061998202741794455
0.07643886300151853
0.04235353151862684
0.0451009828734904
0.05033734257350731
0.05559465674671438
0.040225187154240866
0.07035761747669708
0.049560192203185735
0.059812340706001985
0.06195492934420903
0.0739633261350163
0.07783319598953821
0.047595776324169975
0.07665029962233758
0.06944205755589415
0.07697605592646856
0.06923712738466435
0.074473551192966
0.05072740185276294
0.049485331517134135
0.04221811469099129
0.05849864163410663
0.0585564529641666
0.06567923867545111
0.07959044378124547
0.04604061894593668
0.05078094474487115
0.0703789195055859
0.06306512897157547
0.0592047087568013
0.04318868211453901
0.07951803737357101
0.05507951616538631
0.07100398610550498
0.040592343026667116
0.0792990984301152
0.07789986523757358
0.06124606543743432
0.062356793113647876
0.043991478427147186
0.07285642199754708
0.045490805429940044
0.042200122540218904
0.05319267970775823
0.04909695398844617
0.05073261590057167
0.06901767074420177
0.07535091903278045
0.05878381402625582
0.04306246506184323
0.05364236426145105
0.07157370534958074
0.05444862432523405
0.04541629021773008
0.05586877181459858
0.06222362082278995
0.05425777580956132
0.07761807536727824
0.06673231730365245
0.04852910002308398
0.042230960379624344
0.06627738105001454
0.05294917944613459
0.07241454256344534
0.06299404988064665
0.06870273461114533
0.0535864535919698
0.0699806735527865
0.07443666900893417
0.07284379711301164
0.07344621688446287
0.047542615459066316
0.05668390138424363
0.07437682498918352
0.043311208148305344
0.043859717519003555
0.04208059811432302
0.05239947691220201
0.05411388243259503
0.058167724828960835
0.0484258551255491
0.06680260439506536
0.06025467112876695
0.06085045287687921
0.04648425820157876
0.06323821002244476
0.04670935115849837
0.04206468465806219
0.07283956975235278
0.05570432368727221
0.06522946094995134
0.0733585767260409
0.0504456035291121
0.04211911869851672
0.046853792755630494
0.078300416569284
0.04176807777335796
0.054858133940145194
0.051113043752139056
0.07036114637746857
0.053200308475180653
0.07608005334874764
0.05672375269957955
0.05977061167182614
0.054474668544449566
0.0767680298350773
0.05423174671509827
0.05579407775620085
0.05308080351560466
0.04876514065164216
0.0679793523376399
0.07685211216542479
0.07124064083972848
0.07068407192054588
0.0529347051426023
0.0681334763189144
0.0717793156827152
0.06142275125857498
0.06133555475646782
0.07482726582280566
0.06927018574778929
0.04911915386450768
0.05476401020286735
0.04882707186255761
0.0441211597173804
0.07873012079605526
0.04918275176662433
0.0777365048334714
0.04980865422622021
0.0580205458049495
0.04362728919438831
0.05723200550342043
0.06725453283147764
0.059600882467973154
0.07766290543810433
0.0413153934884088
0.07538044591492105
0.05575247485572183
0.06837898671449531
0.05971520473805783
0.07316306912742343
0.04313176195864816
0.07460751949321512
0.04767240006314879
0.046052779799705804
0.05604599860937633
0.0442165747258068
0.0505726124488188
0.07840738900875886
0.06984467893000086
0.079743668924509
0.04436364542539181
0.05363159733387743
0.06007240199774236
0.048297967944529084
0.07242351440807215
0.055001913635493886
0.06838051386029474
0.043574346752855236
0.060520868525447136
0.04269583804563853
0.07279638616696196
0.06098637284380127
0.07373620819609261
0.07633316873134893
0.04780077945137455
0.0713393828174235
0.042688865170000645
0.07737634866983872
0.06876529194667083
0.07412882553638644
0.07114127686216132
0.04202585703531716
0.06565345564987166
0.07846316877673623
0.06302865543664408
0.042785670898316995
0.06249060779458139
0.057774676930253996
0.05418870636954285
0.05566292817503404
0.05195923197965077
0.07389546298802492
0.06254261616212428
0.06000495478024839
0.04857801105464343
0.04674026939449438
0.040205100319126205
0.05926589694217151
0.05927441652899185
0.057751496033003294
0.061977841908372355
0.0635342538936126
0.0667621998606189
0.05842604932201971
0.05690724619157605
0.05844167659629278
0.0789867442629224
0.049657658603918894
0.0630639723293876
0.04011245140535641
0.05700275170824756
0.04329237383358316
0.040428273191737064
0.042102158805875235
0.05400035681919243
0.05420899162392641
0.07274174964105926
0.0778130573461366
0.05979727586260679
0.07940026286410459
0.046412663385718006
0.07066279821026444
0.047966186756330575
0.05994475584529635
0.05303854322293108
0.06432214499267842
0.046868095325818676
0.07242333908060453
0.061836357108467986
0.0566264507946366
0.06121399725262479
0.05824830467380379
0.049247099987597374
0.043304657444916426
0.07737871450484872
0.07253720240238554
0.07520820747773752
0.05145872018743052
0.07354234449713681
0.07857753478060202
0.07906376380522281
0.04776534722455768
0.04483632588791926
0.04959251286520174
0.0728090342309568
0.06266105540988548
0.06402268784357337
0.04643214748864578
0.055342423512944564
0.07931059577746524
0.049836598458236944
0.057977997307616824
0.0786245183098786
0.07494784673656524
0.04797391884242516
0.0404639749313664
0.06512042534606838
0.07221735931522463
0.043806999067394846
0.05257965689954693
0.04562820260870268
0.07943378614429275
0.06126354286487014
0.05513662751449823
0.05757271677139772
0.05121549413677869
0.07890490648447225
0.06724241751525563
0.05607083882041307
0.04473772261709879
0.07209177936745736
0.06534070565189935
0.04355045666553817
0.061889711143749096
0.06922675116377608
0.0771404633139407
0.058432323445303275
0.053909279678678465
0.05041481421304468
0.07937082664382486
0.07936035077188869
0.06260741239230685
0.0584844490899204
0.07646251967006137
0.058692493592812686
0.04108446512193563
0.07516346681875094
0.07667071831116898
0.077440960194161
0.05687864896439703
0.07930536542539716
0.07281832253828996
0.053577013421697336
0.05177654835373641
0.04941351716930187
0.05675263174425054
0.056592229641186306
0.07505446343199285
0.0593120623122429
0.06977253354070251
0.043434606054427276
0.04070843204619616
0.04366394324757812
0.07569731673303112
0.05441449361166352
0.06426986483985805
0.07913808830865002
0.07891234173539444
0.0724018925072256
0.07109277950552974
0.05737931243062851
0.07664081551559568
0.054613199186981154
0.07553767176433288
0.05753604444061775
0.05285501046006593
0.0535120677357142
0.06926614918571677
0.07895259498632698
0.05065432228608689
0.051825604514836546
0.06689949253327113
0.06873419239611864
0.040601612891972116
0.06640368040397575
0.05858338017464183
0.0542446250395199
0.07442336260880712
0.06662570267864425
0.05154008442313162
0.0671978449082701
0.07664321143952743
0.0652857604840886
0.0464784827621701
0.06385648399737631
0.06113253094095905
0.05336361125999372
0.049771335586377655
0.044951790443942194
0.04522572788521458
0.06481554073034185
0.06859828119607378
0.05929103031267148
0.07096205501387692
0.05349569248833289
0.07379213387692912
0.0566200050592896
0.05117975254055331
0.0415450289501855
0.06391506422538623
0.07815985266087916
0.07760241722859258
0.0770616386226963
0.0641303576841477
0.07733889966433699
0.07872154857149943
0.07859267681810017
0.06472448249047177
0.06859187368805811
0.05719329913337886
0.044964785969538235
0.06667325026089076
0.06870034929961828
0.04963149588072739
0.05119639768409256
0.07543496057834051
0.06299987037854923
0.07609308897388128
0.05471189903602398
0.06919242010669482
0.0778807589254864
0.04221622385063259
0.04080417942102458
0.06405485177563669
0.0513611510144675
0.06388520616452831
0.04226867540784066
0.046269720844997385
0.04511241858558198
0.04246069193664476
0.07535854625259845
0.060283604231899726
0.0741686413649597
0.048027493102643655
0.042687226857972445
0.051530263586270574
0.0446533890340324
0.04877645519573658
0.04343111888446093
0.04411317699633913
0.06520863527639677
0.07655092251151022
0.062161782805153304
0.046088801804930524
0.05441216979379996
0.04175237522983467
0.07986352419804028
0.07884596122967755
0.06432145127461264
0.0652138716278783
0.06416886179367559
0.042115749172476534
0.07938341070330662
0.060314018099365665
0.05057089459085899
0.0724354590613946
0.070301253032567
0.055518211718191116
0.06234817290849857
0.0704290778253043
0.06405090371956973
0.07569800177280711
0.05416422699839893
0.04105595840660182
0.05409127382442804
0.059993463940997124
0.04278048177047581
0.05101834171441672
0.07891410679625599
0.04464752602480234
0.06804782767417059
0.07880746843183384
